1 9 2 10 3 11 4 12 5 13 6 14 7 15 8 
1 9 2 10 3 11 4 12 5 13 6 14 8 15 7 
1 9 2 10 3 11 4 12 5 13 7 14 8 15 6 
1 9 2 10 3 11 4 12 6 13 7 14 8 15 5 
1 9 2 10 3 11 5 12 6 13 7 14 8 15 4 
1 9 2 10 4 11 5 12 6 13 7 14 8 15 3 
1 9 3 10 4 11 5 12 6 13 7 14 8 15 2 
10 1 13 9 5 11 6 12 8 4 14 7 3 15 2 
10 1 13 9 5 11 6 12 8 4 14 7 2 15 3 
10 1 13 9 5 11 6 12 8 3 14 7 2 15 4 
10 1 13 9 4 11 6 12 8 3 14 7 2 15 5 
10 1 13 9 4 11 5 12 8 3 14 7 2 15 6 
10 1 13 9 4 11 5 12 8 3 14 6 2 15 7 
10 1 13 9 4 11 5 12 7 3 14 6 2 15 8 
10 1 13 8 4 12 6 2 9 5 14 7 3 15 11 
10 1 13 8 4 11 5 12 7 3 14 6 2 15 9 
10 1 12 9 6 11 7 4 14 5 13 8 3 15 2 
10 1 12 9 6 11 7 4 14 5 13 8 2 15 3 
10 1 12 9 6 11 7 3 14 5 13 8 4 15 2 
10 1 12 9 6 11 7 3 14 5 13 8 2 15 4 
10 1 12 9 6 11 7 3 14 4 13 8 2 15 5 
10 1 12 9 6 11 7 2 14 5 13 8 4 15 3 
10 1 12 9 6 11 7 2 14 5 13 8 3 15 4 
10 1 12 9 6 11 7 2 14 4 13 8 3 15 5 
10 1 12 9 5 11 8 4 14 6 13 7 3 15 2 
10 1 12 9 5 11 8 4 14 6 13 7 2 15 3 
10 1 12 9 5 11 8 3 14 6 13 7 4 15 2 
10 1 12 9 5 11 8 3 14 6 13 7 2 15 4 
10 1 12 9 5 11 8 2 14 6 13 7 4 15 3 
10 1 12 9 5 11 8 2 14 6 13 7 3 15 4 
10 1 12 9 5 11 7 4 14 6 13 8 3 15 2 
10 1 12 9 5 11 7 4 14 6 13 8 2 15 3 
10 1 12 9 5 11 7 3 14 6 13 8 4 15 2 
10 1 12 9 5 11 7 3 14 6 13 8 2 15 4 
10 1 12 9 5 11 7 3 14 4 13 8 2 15 6 
10 1 12 9 5 11 7 2 14 6 13 8 4 15 3 
10 1 12 9 5 11 7 2 14 6 13 8 3 15 4 
10 1 12 9 5 11 7 2 14 4 13 8 3 15 6 
10 1 12 9 5 11 6 3 14 4 13 8 2 15 7 
10 1 12 9 5 11 6 3 14 4 13 7 2 15 8 
10 1 12 9 5 11 6 2 14 4 13 8 3 15 7 
10 1 12 9 5 11 6 2 14 4 13 7 3 15 8 
10 1 12 9 4 11 8 3 14 6 13 7 2 15 5 
10 1 12 9 4 11 8 3 14 5 13 7 2 15 6 
10 1 12 9 4 11 8 3 14 5 13 6 2 15 7 
10 1 12 9 4 11 8 2 14 6 13 7 3 15 5 
10 1 12 9 4 11 8 2 14 5 13 7 3 15 6 
10 1 12 9 4 11 8 2 14 5 13 6 3 15 7 
10 1 12 9 4 11 7 3 14 6 13 8 2 15 5 
10 1 12 9 4 11 7 3 14 5 13 8 2 15 6 
10 1 12 9 4 11 7 3 14 5 13 6 2 15 8 
10 1 12 9 4 11 7 2 14 6 13 8 3 15 5 
10 1 12 9 4 11 7 2 14 5 13 8 3 15 6 
10 1 12 9 4 11 7 2 14 5 13 6 3 15 8 
10 1 12 9 4 11 6 14 8 5 13 7 3 15 2 
10 1 12 9 4 11 6 14 8 5 13 7 2 15 3 
10 1 12 9 4 11 6 13 8 5 14 7 3 15 2 
10 1 12 9 4 11 6 13 8 5 14 7 2 15 3 
10 1 12 9 4 11 6 3 14 5 13 8 2 15 7 
10 1 12 9 4 11 6 3 14 5 13 7 2 15 8 
10 1 12 9 4 11 6 2 14 5 13 8 3 15 7 
10 1 12 9 4 11 6 2 14 5 13 7 3 15 8 
10 1 12 9 3 11 6 14 8 5 13 7 2 15 4 
10 1 12 9 3 11 6 14 8 4 13 7 2 15 5 
10 1 12 9 3 11 6 13 8 5 14 7 2 15 4 
10 1 12 9 3 11 6 13 8 4 14 7 2 15 5 
10 1 12 9 3 11 5 14 8 4 13 7 2 15 6 
10 1 12 9 3 11 5 14 8 4 13 6 2 15 7 
10 1 12 9 3 11 5 14 7 4 13 6 2 15 8 
10 1 12 9 3 11 5 13 8 4 14 7 2 15 6 
10 1 12 9 3 11 5 13 8 4 14 6 2 15 7 
10 1 12 9 3 11 5 13 7 4 14 6 2 15 8 
10 1 12 8 4 11 7 3 14 5 13 6 2 15 9 
10 1 12 8 4 11 7 2 14 5 13 6 3 15 9 
10 1 12 8 4 11 6 14 9 5 13 7 3 15 2 
10 1 12 8 4 11 6 14 9 5 13 7 2 15 3 
10 1 12 8 4 11 6 3 14 5 13 7 2 15 9 
10 1 12 8 4 11 6 2 14 5 13 7 3 15 9 
10 1 12 8 3 11 6 14 9 5 13 7 2 15 4 
10 1 12 8 3 11 6 14 9 4 13 7 2 15 5 
10 1 12 8 3 11 5 14 9 4 13 7 2 15 6 
10 1 12 8 3 11 5 14 9 4 13 6 2 15 7 
10 1 12 8 3 11 5 14 7 4 13 6 2 15 9 
10 1 12 8 3 11 5 13 7 4 14 6 2 15 9 
10 1 12 7 3 11 5 14 9 4 13 6 2 15 8 
10 1 12 7 3 11 5 14 8 4 13 6 2 15 9 
10 1 11 9 4 13 6 14 8 5 12 7 3 15 2 
10 1 11 9 4 13 6 14 8 5 12 7 2 15 3 
10 1 11 9 4 12 6 14 8 5 13 7 3 15 2 
10 1 11 9 4 12 6 14 8 5 13 7 2 15 3 
10 1 11 9 4 12 6 13 8 5 14 7 3 15 2 
10 1 11 9 4 12 6 13 8 5 14 7 2 15 3 
10 1 11 9 3 13 6 14 8 5 12 7 2 15 4 
10 1 11 9 3 13 6 14 8 4 12 7 2 15 5 
10 1 11 9 3 13 5 14 8 4 12 7 2 15 6 
10 1 11 9 3 13 5 14 8 4 12 6 2 15 7 
10 1 11 9 3 13 5 14 7 4 12 6 2 15 8 
10 1 11 9 3 12 6 14 8 5 13 7 2 15 4 
10 1 11 9 3 12 6 14 8 4 13 7 2 15 5 
10 1 11 9 3 12 6 13 8 5 14 7 2 15 4 
10 1 11 9 3 12 6 13 8 4 14 7 2 15 5 
10 1 11 9 3 12 5 14 8 4 13 7 2 15 6 
10 1 11 9 3 12 5 14 8 4 13 6 2 15 7 
10 1 11 9 3 12 5 14 7 4 13 6 2 15 8 
10 1 11 9 3 12 5 13 8 4 14 7 2 15 6 
10 1 11 9 3 12 5 13 8 4 14 6 2 15 7 
10 1 11 9 3 12 5 13 7 4 14 6 2 15 8 
10 1 11 8 4 13 6 14 9 5 12 7 3 15 2 
10 1 11 8 4 13 6 14 9 5 12 7 2 15 3 
10 1 11 8 4 12 6 14 9 5 13 7 3 15 2 
10 1 11 8 4 12 6 14 9 5 13 7 2 15 3 
10 1 11 8 3 13 6 14 9 5 12 7 2 15 4 
10 1 11 8 3 13 6 14 9 4 12 7 2 15 5 
10 1 11 8 3 13 5 14 9 4 12 7 2 15 6 
10 1 11 8 3 13 5 14 9 4 12 6 2 15 7 
10 1 11 8 3 13 5 14 7 4 12 6 2 15 9 
10 1 11 8 3 12 6 14 9 5 13 7 2 15 4 
10 1 11 8 3 12 6 14 9 4 13 7 2 15 5 
10 1 11 8 3 12 5 14 9 4 13 7 2 15 6 
10 1 11 8 3 12 5 14 9 4 13 6 2 15 7 
10 1 11 8 3 12 5 14 7 4 13 6 2 15 9 
10 1 11 8 3 12 5 13 7 4 14 6 2 15 9 
10 1 11 7 3 13 5 14 9 4 12 6 2 15 8 
10 1 11 7 3 13 5 14 8 4 12 6 2 15 9 
10 1 11 7 3 12 5 14 9 4 13 6 2 15 8 
10 1 11 7 3 12 5 14 8 4 13 6 2 15 9 
8 15 11 7 2 10 4 13 6 3 12 5 1 14 9 
8 15 11 7 2 10 4 12 6 3 13 5 1 14 9 
8 15 11 6 2 10 4 13 7 3 12 5 1 14 9 
8 15 10 7 2 12 4 13 6 3 11 5 1 14 9 
8 15 10 7 2 11 4 13 6 3 12 5 1 14 9 
8 15 10 7 2 11 4 12 6 3 13 5 1 14 9 
8 15 10 6 2 12 4 13 7 3 11 5 1 14 9 
8 15 10 6 2 11 4 13 7 3 12 5 1 14 9 
11 1 13 9 6 12 7 3 10 5 14 8 4 15 2 
11 1 13 9 6 12 7 2 10 5 14 8 4 15 3 
11 1 13 9 6 12 7 2 10 5 14 8 3 15 4 
11 1 13 9 6 12 7 2 10 4 14 8 3 15 5 
11 1 13 9 5 12 8 3 10 6 14 7 4 15 2 
11 1 13 9 5 12 8 2 10 6 14 7 4 15 3 
11 1 13 9 5 12 8 2 10 6 14 7 3 15 4 
11 1 13 9 5 12 7 3 10 6 14 8 4 15 2 
11 1 13 9 5 12 7 2 10 6 14 8 4 15 3 
11 1 13 9 5 12 7 2 10 6 14 8 3 15 4 
11 1 13 9 5 12 7 2 10 4 14 8 3 15 6 
11 1 13 9 5 12 6 2 10 4 14 8 3 15 7 
11 1 13 9 5 12 6 2 10 4 14 7 3 15 8 
11 1 13 9 4 12 8 2 10 6 14 7 3 15 5 
11 1 13 9 4 12 8 2 10 5 14 7 3 15 6 
11 1 13 9 4 12 8 2 10 5 14 6 3 15 7 
11 1 13 9 4 12 7 2 10 6 14 8 3 15 5 
11 1 13 9 4 12 7 2 10 5 14 8 3 15 6 
11 1 13 9 4 12 7 2 10 5 14 6 3 15 8 
11 1 13 9 4 12 6 2 10 5 14 8 3 15 7 
11 1 13 9 4 12 6 2 10 5 14 7 3 15 8 
11 1 13 8 4 12 7 2 10 5 14 6 3 15 9 
11 1 13 8 4 12 6 2 10 5 14 7 3 15 9 
11 1 13 8 4 12 6 2 9 5 14 7 3 15 10 
9 15 11 8 3 10 5 13 7 4 12 6 2 14 1 
9 15 11 8 3 10 5 13 7 4 12 6 1 14 2 
9 15 11 8 3 10 5 12 7 4 13 6 2 14 1 
9 15 11 8 3 10 5 12 7 4 13 6 1 14 2 
9 15 11 8 2 10 5 13 7 4 12 6 1 14 3 
9 15 11 8 2 10 5 13 7 3 12 6 1 14 4 
9 15 11 8 2 10 5 12 7 4 13 6 1 14 3 
9 15 11 8 2 10 5 12 7 3 13 6 1 14 4 
9 15 11 8 2 10 4 13 7 3 12 6 1 14 5 
9 15 11 8 2 10 4 13 7 3 12 5 1 14 6 
9 15 11 8 2 10 4 13 6 3 12 5 1 14 7 
9 15 11 8 2 10 4 12 7 3 13 6 1 14 5 
9 15 11 8 2 10 4 12 7 3 13 5 1 14 6 
9 15 11 8 2 10 4 12 6 3 13 5 1 14 7 
9 15 11 7 3 10 5 13 8 4 12 6 2 14 1 
9 15 11 7 3 10 5 13 8 4 12 6 1 14 2 
9 15 11 7 2 10 5 13 8 4 12 6 1 14 3 
9 15 11 7 2 10 5 13 8 3 12 6 1 14 4 
9 15 11 7 2 10 4 13 8 3 12 6 1 14 5 
9 15 11 7 2 10 4 13 8 3 12 5 1 14 6 
9 15 11 7 2 10 4 13 6 3 12 5 1 14 8 
9 15 11 7 2 10 4 12 6 3 13 5 1 14 8 
9 15 11 6 2 10 4 13 8 3 12 5 1 14 7 
9 15 11 6 2 10 4 13 7 3 12 5 1 14 8 
9 15 10 8 3 12 5 13 7 4 11 6 2 14 1 
9 15 10 8 3 12 5 13 7 4 11 6 1 14 2 
9 15 10 8 3 11 5 13 7 4 12 6 2 14 1 
9 15 10 8 3 11 5 13 7 4 12 6 1 14 2 
9 15 10 8 3 11 5 12 7 4 13 6 2 14 1 
9 15 10 8 3 11 5 12 7 4 13 6 1 14 2 
9 15 10 8 2 12 5 13 7 4 11 6 1 14 3 
9 15 10 8 2 12 5 13 7 3 11 6 1 14 4 
9 15 10 8 2 12 4 13 7 3 11 6 1 14 5 
9 15 10 8 2 12 4 13 7 3 11 5 1 14 6 
9 15 10 8 2 12 4 13 6 3 11 5 1 14 7 
9 15 10 8 2 11 5 13 7 4 12 6 1 14 3 
9 15 10 8 2 11 5 13 7 3 12 6 1 14 4 
9 15 10 8 2 11 5 12 7 4 13 6 1 14 3 
9 15 10 8 2 11 5 12 7 3 13 6 1 14 4 
9 15 10 8 2 11 4 13 7 3 12 6 1 14 5 
9 15 10 8 2 11 4 13 7 3 12 5 1 14 6 
9 15 10 8 2 11 4 13 6 3 12 5 1 14 7 
9 15 10 8 2 11 4 12 7 3 13 6 1 14 5 
9 15 10 8 2 11 4 12 7 3 13 5 1 14 6 
9 15 10 8 2 11 4 12 6 3 13 5 1 14 7 
9 15 10 7 3 12 5 13 8 4 11 6 2 14 1 
9 15 10 7 3 12 5 13 8 4 11 6 1 14 2 
9 15 10 7 3 11 5 13 8 4 12 6 2 14 1 
9 15 10 7 3 11 5 13 8 4 12 6 1 14 2 
9 15 10 7 2 12 5 13 8 4 11 6 1 14 3 
9 15 10 7 2 12 5 13 8 3 11 6 1 14 4 
9 15 10 7 2 12 4 13 8 3 11 6 1 14 5 
9 15 10 7 2 12 4 13 8 3 11 5 1 14 6 
9 15 10 7 2 12 4 13 6 3 11 5 1 14 8 
9 15 10 7 2 11 5 13 8 4 12 6 1 14 3 
9 15 10 7 2 11 5 13 8 3 12 6 1 14 4 
9 15 10 7 2 11 4 13 8 3 12 6 1 14 5 
9 15 10 7 2 11 4 13 8 3 12 5 1 14 6 
9 15 10 7 2 11 4 13 6 3 12 5 1 14 8 
9 15 10 7 2 11 4 12 6 3 13 5 1 14 8 
9 15 10 6 2 12 4 13 8 3 11 5 1 14 7 
9 15 10 6 2 12 4 13 7 3 11 5 1 14 8 
9 15 10 6 2 11 4 13 8 3 12 5 1 14 7 
9 15 10 6 2 11 4 13 7 3 12 5 1 14 8 
11 7 13 9 5 12 6 2 10 4 14 8 3 15 1 
11 7 13 9 5 12 6 1 10 4 14 8 3 15 2 
11 7 13 9 5 12 6 1 10 4 14 8 2 15 3 
11 7 13 9 5 12 6 1 10 3 14 8 2 15 4 
11 7 13 9 4 12 6 2 10 5 14 8 3 15 1 
11 7 13 9 4 12 6 1 10 5 14 8 3 15 2 
11 7 13 9 4 12 6 1 10 5 14 8 2 15 3 
11 7 13 9 4 12 6 1 10 3 14 8 2 15 5 
11 7 13 9 4 12 5 1 10 3 14 8 2 15 6 
11 7 13 9 3 12 6 1 10 5 14 8 2 15 4 
11 7 13 9 3 12 6 1 10 4 14 8 2 15 5 
11 7 13 9 3 12 5 1 10 4 14 8 2 15 6 
8 2 13 7 3 11 6 1 14 5 12 4 9 15 10 
8 2 13 7 3 11 6 1 14 5 12 4 10 15 9 
8 2 13 7 3 12 6 1 14 5 11 4 9 15 10 
8 2 13 7 3 12 6 1 14 5 11 4 10 15 9 
10 6 13 9 4 11 5 12 8 3 14 7 2 15 1 
10 6 13 9 4 11 5 12 8 3 14 7 1 15 2 
10 6 13 9 4 11 5 12 8 2 14 7 1 15 3 
10 6 13 9 3 11 5 12 8 2 14 7 1 15 4 
10 6 13 9 3 11 4 12 8 2 14 7 1 15 5 
10 6 13 8 4 11 5 12 9 3 14 7 2 15 1 
10 6 13 8 4 11 5 12 9 3 14 7 1 15 2 
10 6 13 8 4 11 5 12 9 2 14 7 1 15 3 
10 6 13 8 3 11 5 12 9 2 14 7 1 15 4 
10 6 13 8 3 11 4 12 9 2 14 7 1 15 5 
10 6 12 9 4 11 8 3 14 5 13 7 2 15 1 
10 6 12 9 4 11 8 3 14 5 13 7 1 15 2 
10 6 12 9 4 11 8 2 14 5 13 7 3 15 1 
10 6 12 9 4 11 8 2 14 5 13 7 1 15 3 
10 6 12 9 4 11 8 1 14 5 13 7 3 15 2 
10 6 12 9 4 11 8 1 14 5 13 7 2 15 3 
10 6 12 9 3 11 8 2 14 5 13 7 1 15 4 
10 6 12 9 3 11 8 2 14 4 13 7 1 15 5 
10 6 12 9 3 11 8 1 14 5 13 7 2 15 4 
10 6 12 9 3 11 8 1 14 4 13 7 2 15 5 
10 6 12 9 3 11 5 14 8 4 13 7 2 15 1 
10 6 12 9 3 11 5 14 8 4 13 7 1 15 2 
10 6 12 9 3 11 5 13 8 4 14 7 2 15 1 
10 6 12 9 3 11 5 13 8 4 14 7 1 15 2 
10 6 12 9 2 11 5 14 8 4 13 7 1 15 3 
10 6 12 9 2 11 5 14 8 3 13 7 1 15 4 
10 6 12 9 2 11 5 13 8 4 14 7 1 15 3 
10 6 12 9 2 11 5 13 8 3 14 7 1 15 4 
10 6 12 9 2 11 4 14 8 3 13 7 1 15 5 
10 6 12 9 2 11 4 13 8 3 14 7 1 15 5 
10 6 12 8 3 11 5 14 9 4 13 7 2 15 1 
10 6 12 8 3 11 5 14 9 4 13 7 1 15 2 
10 6 12 8 3 11 5 13 9 4 14 7 2 15 1 
10 6 12 8 3 11 5 13 9 4 14 7 1 15 2 
10 6 12 8 2 11 5 14 9 4 13 7 1 15 3 
10 6 12 8 2 11 5 14 9 3 13 7 1 15 4 
10 6 12 8 2 11 5 13 9 4 14 7 1 15 3 
10 6 12 8 2 11 5 13 9 3 14 7 1 15 4 
10 6 12 8 2 11 4 14 9 3 13 7 1 15 5 
10 6 12 8 2 11 4 13 9 3 14 7 1 15 5 
10 6 11 9 3 13 5 14 8 4 12 7 2 15 1 
10 6 11 9 3 13 5 14 8 4 12 7 1 15 2 
10 6 11 9 3 12 5 14 8 4 13 7 2 15 1 
10 6 11 9 3 12 5 14 8 4 13 7 1 15 2 
10 6 11 9 3 12 5 13 8 4 14 7 2 15 1 
10 6 11 9 3 12 5 13 8 4 14 7 1 15 2 
10 6 11 9 2 13 5 14 8 4 12 7 1 15 3 
10 6 11 9 2 13 5 14 8 3 12 7 1 15 4 
10 6 11 9 2 13 4 14 8 3 12 7 1 15 5 
10 6 11 9 2 12 5 14 8 4 13 7 1 15 3 
10 6 11 9 2 12 5 14 8 3 13 7 1 15 4 
10 6 11 9 2 12 5 13 8 4 14 7 1 15 3 
10 6 11 9 2 12 5 13 8 3 14 7 1 15 4 
10 6 11 9 2 12 4 14 8 3 13 7 1 15 5 
10 6 11 9 2 12 4 13 8 3 14 7 1 15 5 
10 6 11 8 3 13 5 14 9 4 12 7 2 15 1 
10 6 11 8 3 13 5 14 9 4 12 7 1 15 2 
10 6 11 8 3 12 5 14 9 4 13 7 2 15 1 
10 6 11 8 3 12 5 14 9 4 13 7 1 15 2 
10 6 11 8 3 12 5 13 9 4 14 7 2 15 1 
10 6 11 8 3 12 5 13 9 4 14 7 1 15 2 
10 6 11 8 2 13 5 14 9 4 12 7 1 15 3 
10 6 11 8 2 13 5 14 9 3 12 7 1 15 4 
10 6 11 8 2 13 4 14 9 3 12 7 1 15 5 
10 6 11 8 2 12 5 14 9 4 13 7 1 15 3 
10 6 11 8 2 12 5 14 9 3 13 7 1 15 4 
10 6 11 8 2 12 5 13 9 4 14 7 1 15 3 
10 6 11 8 2 12 5 13 9 3 14 7 1 15 4 
10 6 11 8 2 12 4 14 9 3 13 7 1 15 5 
10 6 11 8 2 12 4 13 9 3 14 7 1 15 5 
8 3 13 7 2 11 6 1 14 5 12 4 9 15 10 
8 3 13 7 2 11 6 1 14 5 12 4 10 15 9 
8 3 13 7 2 12 6 1 14 5 11 4 9 15 10 
8 3 13 7 2 12 6 1 14 5 11 4 10 15 9 
11 6 13 9 5 12 7 2 10 4 14 8 3 15 1 
11 6 13 9 5 12 7 1 10 4 14 8 3 15 2 
11 6 13 9 5 12 7 1 10 4 14 8 2 15 3 
11 6 13 9 5 12 7 1 10 3 14 8 2 15 4 
11 6 13 9 4 12 8 2 10 5 14 7 3 15 1 
11 6 13 9 4 12 8 1 10 5 14 7 3 15 2 
11 6 13 9 4 12 8 1 10 5 14 7 2 15 3 
11 6 13 9 4 12 7 2 10 5 14 8 3 15 1 
11 6 13 9 4 12 7 1 10 5 14 8 3 15 2 
11 6 13 9 4 12 7 1 10 5 14 8 2 15 3 
11 6 13 9 4 12 7 1 10 3 14 8 2 15 5 
11 6 13 9 4 12 5 1 10 3 14 8 2 15 7 
11 6 13 9 4 12 5 1 10 3 14 7 2 15 8 
11 6 13 9 3 12 8 1 10 5 14 7 2 15 4 
11 6 13 9 3 12 8 1 10 4 14 7 2 15 5 
11 6 13 9 3 12 7 1 10 5 14 8 2 15 4 
11 6 13 9 3 12 7 1 10 4 14 8 2 15 5 
11 6 13 9 3 12 5 1 10 4 14 8 2 15 7 
11 6 13 9 3 12 5 1 10 4 14 7 2 15 8 
11 6 13 8 4 12 5 1 10 3 14 7 2 15 9 
11 6 13 8 4 12 5 1 9 3 14 7 2 15 10 
11 6 13 8 3 12 5 1 10 4 14 7 2 15 9 
11 6 13 8 3 12 5 1 9 4 14 7 2 15 10 
10 5 13 9 4 11 6 12 8 3 14 7 2 15 1 
10 5 13 9 4 11 6 12 8 3 14 7 1 15 2 
10 5 13 9 4 11 6 12 8 2 14 7 1 15 3 
10 5 13 9 3 11 6 12 8 2 14 7 1 15 4 
10 5 13 9 3 11 4 12 8 2 14 7 1 15 6 
10 5 13 9 3 11 4 12 8 2 14 6 1 15 7 
10 5 13 9 3 11 4 12 7 2 14 6 1 15 8 
10 5 13 8 4 11 6 12 9 3 14 7 2 15 1 
10 5 13 8 4 11 6 12 9 3 14 7 1 15 2 
10 5 13 8 4 11 6 12 9 2 14 7 1 15 3 
10 5 13 8 3 11 6 12 9 2 14 7 1 15 4 
10 5 13 8 3 11 4 12 9 2 14 7 1 15 6 
10 5 13 8 3 11 4 12 9 2 14 6 1 15 7 
10 5 13 8 3 11 4 12 7 2 14 6 1 15 9 
10 5 13 7 3 11 4 12 9 2 14 6 1 15 8 
10 5 13 7 3 11 4 12 8 2 14 6 1 15 9 
10 5 12 9 6 11 7 3 14 4 13 8 2 15 1 
10 5 12 9 6 11 7 3 14 4 13 8 1 15 2 
10 5 12 9 6 11 7 2 14 4 13 8 3 15 1 
10 5 12 9 6 11 7 2 14 4 13 8 1 15 3 
10 5 12 9 6 11 7 2 14 3 13 8 1 15 4 
10 5 12 9 6 11 7 1 14 4 13 8 3 15 2 
10 5 12 9 6 11 7 1 14 4 13 8 2 15 3 
10 5 12 9 6 11 7 1 14 3 13 8 2 15 4 
10 5 12 9 4 11 8 3 14 7 13 6 2 15 1 
10 5 12 9 4 11 8 3 14 7 13 6 1 15 2 
10 5 12 9 4 11 8 2 14 7 13 6 1 15 3 
10 5 12 9 3 11 8 2 14 7 13 6 1 15 4 
10 5 12 9 3 11 8 2 14 4 13 7 1 15 6 
10 5 12 9 3 11 8 2 14 4 13 6 1 15 7 
10 5 12 9 3 11 8 1 14 4 13 7 2 15 6 
10 5 12 9 3 11 8 1 14 4 13 6 2 15 7 
10 5 12 9 3 11 7 2 14 4 13 6 1 15 8 
10 5 12 9 3 11 7 1 14 4 13 6 2 15 8 
10 5 12 9 3 11 6 14 8 4 13 7 2 15 1 
10 5 12 9 3 11 6 14 8 4 13 7 1 15 2 
10 5 12 9 3 11 6 13 8 4 14 7 2 15 1 
10 5 12 9 3 11 6 13 8 4 14 7 1 15 2 
10 5 12 9 2 11 6 14 8 4 13 7 1 15 3 
10 5 12 9 2 11 6 14 8 3 13 7 1 15 4 
10 5 12 9 2 11 6 13 8 4 14 7 1 15 3 
10 5 12 9 2 11 6 13 8 3 14 7 1 15 4 
10 5 12 9 2 11 4 14 8 3 13 7 1 15 6 
10 5 12 9 2 11 4 14 8 3 13 6 1 15 7 
10 5 12 9 2 11 4 14 7 3 13 6 1 15 8 
10 5 12 9 2 11 4 13 8 3 14 7 1 15 6 
10 5 12 9 2 11 4 13 8 3 14 6 1 15 7 
10 5 12 9 2 11 4 13 7 3 14 6 1 15 8 
10 5 12 8 3 11 7 2 14 4 13 6 1 15 9 
10 5 12 8 3 11 7 1 14 4 13 6 2 15 9 
10 5 12 8 3 11 6 14 9 4 13 7 2 15 1 
10 5 12 8 3 11 6 14 9 4 13 7 1 15 2 
10 5 12 8 3 11 6 13 9 4 14 7 2 15 1 
10 5 12 8 3 11 6 13 9 4 14 7 1 15 2 
10 5 12 8 2 11 6 14 9 4 13 7 1 15 3 
10 5 12 8 2 11 6 14 9 3 13 7 1 15 4 
10 5 12 8 2 11 6 13 9 4 14 7 1 15 3 
10 5 12 8 2 11 6 13 9 3 14 7 1 15 4 
10 5 12 8 2 11 4 14 9 3 13 7 1 15 6 
10 5 12 8 2 11 4 14 9 3 13 6 1 15 7 
10 5 12 8 2 11 4 14 7 3 13 6 1 15 9 
10 5 12 8 2 11 4 13 9 3 14 7 1 15 6 
10 5 12 8 2 11 4 13 9 3 14 6 1 15 7 
10 5 12 8 2 11 4 13 7 3 14 6 1 15 9 
10 5 12 7 2 11 4 14 9 3 13 6 1 15 8 
10 5 12 7 2 11 4 14 8 3 13 6 1 15 9 
10 5 12 7 2 11 4 13 9 3 14 6 1 15 8 
10 5 12 7 2 11 4 13 8 3 14 6 1 15 9 
10 5 11 9 3 13 6 14 8 4 12 7 2 15 1 
10 5 11 9 3 13 6 14 8 4 12 7 1 15 2 
10 5 11 9 3 12 6 14 8 4 13 7 2 15 1 
10 5 11 9 3 12 6 14 8 4 13 7 1 15 2 
10 5 11 9 3 12 6 13 8 4 14 7 2 15 1 
10 5 11 9 3 12 6 13 8 4 14 7 1 15 2 
10 5 11 9 2 13 6 14 8 4 12 7 1 15 3 
10 5 11 9 2 13 6 14 8 3 12 7 1 15 4 
10 5 11 9 2 13 4 14 8 3 12 7 1 15 6 
10 5 11 9 2 13 4 14 8 3 12 6 1 15 7 
10 5 11 9 2 13 4 14 7 3 12 6 1 15 8 
10 5 11 9 2 12 6 14 8 4 13 7 1 15 3 
10 5 11 9 2 12 6 14 8 3 13 7 1 15 4 
10 5 11 9 2 12 6 13 8 4 14 7 1 15 3 
10 5 11 9 2 12 6 13 8 3 14 7 1 15 4 
10 5 11 9 2 12 4 14 8 3 13 7 1 15 6 
10 5 11 9 2 12 4 14 8 3 13 6 1 15 7 
10 5 11 9 2 12 4 14 7 3 13 6 1 15 8 
10 5 11 9 2 12 4 13 8 3 14 7 1 15 6 
10 5 11 9 2 12 4 13 8 3 14 6 1 15 7 
10 5 11 9 2 12 4 13 7 3 14 6 1 15 8 
10 5 11 8 3 13 6 14 9 4 12 7 2 15 1 
10 5 11 8 3 13 6 14 9 4 12 7 1 15 2 
10 5 11 8 3 12 6 14 9 4 13 7 2 15 1 
10 5 11 8 3 12 6 14 9 4 13 7 1 15 2 
10 5 11 8 3 12 6 13 9 4 14 7 2 15 1 
10 5 11 8 3 12 6 13 9 4 14 7 1 15 2 
10 5 11 8 2 13 6 14 9 4 12 7 1 15 3 
10 5 11 8 2 13 6 14 9 3 12 7 1 15 4 
10 5 11 8 2 13 4 14 9 3 12 7 1 15 6 
10 5 11 8 2 13 4 14 9 3 12 6 1 15 7 
10 5 11 8 2 13 4 14 7 3 12 6 1 15 9 
10 5 11 8 2 12 6 14 9 4 13 7 1 15 3 
10 5 11 8 2 12 6 14 9 3 13 7 1 15 4 
10 5 11 8 2 12 6 13 9 4 14 7 1 15 3 
10 5 11 8 2 12 6 13 9 3 14 7 1 15 4 
10 5 11 8 2 12 4 14 9 3 13 7 1 15 6 
10 5 11 8 2 12 4 14 9 3 13 6 1 15 7 
10 5 11 8 2 12 4 14 7 3 13 6 1 15 9 
10 5 11 8 2 12 4 13 9 3 14 7 1 15 6 
10 5 11 8 2 12 4 13 9 3 14 6 1 15 7 
10 5 11 8 2 12 4 13 7 3 14 6 1 15 9 
10 5 11 7 2 13 4 14 9 3 12 6 1 15 8 
10 5 11 7 2 13 4 14 8 3 12 6 1 15 9 
10 5 11 7 2 12 4 14 9 3 13 6 1 15 8 
10 5 11 7 2 12 4 14 8 3 13 6 1 15 9 
10 5 11 7 2 12 4 13 9 3 14 6 1 15 8 
10 5 11 7 2 12 4 13 8 3 14 6 1 15 9 
2 9 3 10 4 11 5 12 6 13 7 14 8 15 1 
9 4 13 8 3 12 7 2 14 6 11 5 10 15 1 
9 4 13 8 3 12 7 1 14 6 11 5 10 15 2 
9 4 13 8 3 11 7 2 14 6 12 5 10 15 1 
9 4 13 8 3 11 7 1 14 6 12 5 10 15 2 
9 4 13 8 3 11 5 12 7 2 14 6 1 15 10 
9 4 13 8 2 12 7 1 14 6 11 5 10 15 3 
9 4 13 8 2 11 7 1 14 6 12 5 10 15 3 
9 4 13 7 3 11 5 12 8 2 14 6 1 15 10 
9 4 12 8 2 11 5 14 7 3 13 6 1 15 10 
9 4 12 8 2 11 5 13 7 3 14 6 1 15 10 
9 4 12 7 2 11 5 14 8 3 13 6 1 15 10 
9 4 12 7 2 11 5 13 8 3 14 6 1 15 10 
11 5 13 9 6 12 7 2 10 4 14 8 3 15 1 
11 5 13 9 6 12 7 1 10 4 14 8 3 15 2 
11 5 13 9 6 12 7 1 10 4 14 8 2 15 3 
11 5 13 9 6 12 7 1 10 3 14 8 2 15 4 
11 5 13 9 4 12 7 1 10 3 14 8 2 15 6 
11 5 13 9 4 12 6 1 10 3 14 8 2 15 7 
11 5 13 9 4 12 6 1 10 3 14 7 2 15 8 
11 5 13 9 3 12 8 1 10 4 14 7 2 15 6 
11 5 13 9 3 12 8 1 10 4 14 6 2 15 7 
11 5 13 9 3 12 7 1 10 4 14 8 2 15 6 
11 5 13 9 3 12 7 1 10 4 14 6 2 15 8 
11 5 13 9 3 12 6 1 10 4 14 8 2 15 7 
11 5 13 9 3 12 6 1 10 4 14 7 2 15 8 
11 5 13 8 4 12 6 1 10 3 14 7 2 15 9 
11 5 13 8 4 12 6 1 9 3 14 7 2 15 10 
11 5 13 8 3 12 7 1 10 4 14 6 2 15 9 
11 5 13 8 3 12 7 1 9 4 14 6 2 15 10 
11 5 13 8 3 12 6 1 10 4 14 7 2 15 9 
11 5 13 8 3 12 6 1 9 4 14 7 2 15 10 
9 4 11 8 2 13 5 14 7 3 12 6 1 15 10 
9 4 11 8 2 12 5 14 7 3 13 6 1 15 10 
9 4 11 8 2 12 5 13 7 3 14 6 1 15 10 
9 4 11 7 2 13 5 14 8 3 12 6 1 15 10 
9 4 11 7 2 12 5 14 8 3 13 6 1 15 10 
9 4 11 7 2 12 5 13 8 3 14 6 1 15 10 
10 4 13 9 5 11 6 12 8 3 14 7 2 15 1 
10 4 13 9 5 11 6 12 8 3 14 7 1 15 2 
10 4 13 9 5 11 6 12 8 2 14 7 1 15 3 
10 4 13 9 3 11 6 12 8 2 14 7 1 15 5 
10 4 13 9 3 11 5 12 8 2 14 7 1 15 6 
10 4 13 9 3 11 5 12 8 2 14 6 1 15 7 
10 4 13 9 3 11 5 12 7 2 14 6 1 15 8 
10 4 13 8 3 11 6 12 9 2 14 7 1 15 5 
10 4 13 8 3 11 5 12 9 2 14 7 1 15 6 
10 4 13 8 3 11 5 12 9 2 14 6 1 15 7 
10 4 13 8 3 11 5 12 7 2 14 6 1 15 9 
10 4 13 7 3 11 5 12 9 2 14 6 1 15 8 
10 4 13 7 3 11 5 12 8 2 14 6 1 15 9 
10 4 12 9 6 11 7 2 14 3 13 8 1 15 5 
10 4 12 9 6 11 7 1 14 3 13 8 2 15 5 
10 4 12 9 5 11 8 3 14 7 13 6 2 15 1 
10 4 12 9 5 11 8 3 14 7 13 6 1 15 2 
10 4 12 9 5 11 8 2 14 7 13 6 1 15 3 
10 4 12 9 5 11 7 2 14 3 13 8 1 15 6 
10 4 12 9 5 11 7 1 14 3 13 8 2 15 6 
10 4 12 9 5 11 6 2 14 3 13 8 1 15 7 
10 4 12 9 5 11 6 2 14 3 13 7 1 15 8 
10 4 12 9 5 11 6 1 14 3 13 8 2 15 7 
10 4 12 9 5 11 6 1 14 3 13 7 2 15 8 
10 4 12 9 3 11 8 2 14 7 13 6 1 15 5 
10 4 12 9 3 11 8 2 14 7 13 5 1 15 6 
10 4 12 9 3 11 8 2 14 6 13 5 1 15 7 
10 4 12 9 3 11 7 2 14 6 13 5 1 15 8 
10 4 12 9 3 11 6 14 8 5 13 7 2 15 1 
10 4 12 9 3 11 6 14 8 5 13 7 1 15 2 
10 4 12 9 3 11 6 13 8 5 14 7 2 15 1 
10 4 12 9 3 11 6 13 8 5 14 7 1 15 2 
10 4 12 9 2 11 6 14 8 5 13 7 1 15 3 
10 4 12 9 2 11 6 14 8 3 13 7 1 15 5 
10 4 12 9 2 11 6 13 8 5 14 7 1 15 3 
10 4 12 9 2 11 6 13 8 3 14 7 1 15 5 
10 4 12 9 2 11 5 14 8 3 13 7 1 15 6 
10 4 12 9 2 11 5 14 8 3 13 6 1 15 7 
10 4 12 9 2 11 5 14 7 3 13 6 1 15 8 
10 4 12 9 2 11 5 13 8 3 14 7 1 15 6 
10 4 12 9 2 11 5 13 8 3 14 6 1 15 7 
10 4 12 9 2 11 5 13 7 3 14 6 1 15 8 
10 4 12 8 3 11 7 2 14 6 13 5 1 15 9 
10 4 12 8 3 11 6 14 9 5 13 7 2 15 1 
10 4 12 8 3 11 6 14 9 5 13 7 1 15 2 
10 4 12 8 3 11 6 13 9 5 14 7 2 15 1 
10 4 12 8 3 11 6 13 9 5 14 7 1 15 2 
10 4 12 8 2 11 6 14 9 5 13 7 1 15 3 
10 4 12 8 2 11 6 14 9 3 13 7 1 15 5 
10 4 12 8 2 11 6 13 9 5 14 7 1 15 3 
10 4 12 8 2 11 6 13 9 3 14 7 1 15 5 
10 4 12 8 2 11 5 14 9 3 13 7 1 15 6 
10 4 12 8 2 11 5 14 9 3 13 6 1 15 7 
10 4 12 8 2 11 5 14 7 3 13 6 1 15 9 
10 4 12 8 2 11 5 13 9 3 14 7 1 15 6 
10 4 12 8 2 11 5 13 9 3 14 6 1 15 7 
10 4 12 8 2 11 5 13 7 3 14 6 1 15 9 
10 4 12 7 2 11 5 14 9 3 13 6 1 15 8 
10 4 12 7 2 11 5 14 8 3 13 6 1 15 9 
10 4 12 7 2 11 5 13 9 3 14 6 1 15 8 
10 4 12 7 2 11 5 13 8 3 14 6 1 15 9 
10 4 11 9 3 13 6 14 8 5 12 7 2 15 1 
10 4 11 9 3 13 6 14 8 5 12 7 1 15 2 
10 4 11 9 3 12 6 14 8 5 13 7 2 15 1 
10 4 11 9 3 12 6 14 8 5 13 7 1 15 2 
10 4 11 9 3 12 6 13 8 5 14 7 2 15 1 
10 4 11 9 3 12 6 13 8 5 14 7 1 15 2 
10 4 11 9 2 13 6 14 8 5 12 7 1 15 3 
10 4 11 9 2 13 6 14 8 3 12 7 1 15 5 
10 4 11 9 2 13 5 14 8 3 12 7 1 15 6 
10 4 11 9 2 13 5 14 8 3 12 6 1 15 7 
10 4 11 9 2 13 5 14 7 3 12 6 1 15 8 
10 4 11 9 2 12 6 14 8 5 13 7 1 15 3 
10 4 11 9 2 12 6 14 8 3 13 7 1 15 5 
10 4 11 9 2 12 6 13 8 5 14 7 1 15 3 
10 4 11 9 2 12 6 13 8 3 14 7 1 15 5 
10 4 11 9 2 12 5 14 8 3 13 7 1 15 6 
10 4 11 9 2 12 5 14 8 3 13 6 1 15 7 
10 4 11 9 2 12 5 14 7 3 13 6 1 15 8 
10 4 11 9 2 12 5 13 8 3 14 7 1 15 6 
10 4 11 9 2 12 5 13 8 3 14 6 1 15 7 
10 4 11 9 2 12 5 13 7 3 14 6 1 15 8 
10 4 11 8 3 13 6 14 9 5 12 7 2 15 1 
10 4 11 8 3 13 6 14 9 5 12 7 1 15 2 
10 4 11 8 3 12 6 14 9 5 13 7 2 15 1 
10 4 11 8 3 12 6 14 9 5 13 7 1 15 2 
10 4 11 8 3 12 6 13 9 5 14 7 2 15 1 
10 4 11 8 3 12 6 13 9 5 14 7 1 15 2 
10 4 11 8 2 13 6 14 9 5 12 7 1 15 3 
10 4 11 8 2 13 6 14 9 3 12 7 1 15 5 
10 4 11 8 2 13 5 14 9 3 12 7 1 15 6 
10 4 11 8 2 13 5 14 9 3 12 6 1 15 7 
10 4 11 8 2 13 5 14 7 3 12 6 1 15 9 
10 4 11 8 2 12 6 14 9 5 13 7 1 15 3 
10 4 11 8 2 12 6 14 9 3 13 7 1 15 5 
10 4 11 8 2 12 6 13 9 5 14 7 1 15 3 
10 4 11 8 2 12 6 13 9 3 14 7 1 15 5 
10 4 11 8 2 12 5 14 9 3 13 7 1 15 6 
10 4 11 8 2 12 5 14 9 3 13 6 1 15 7 
10 4 11 8 2 12 5 14 7 3 13 6 1 15 9 
10 4 11 8 2 12 5 13 9 3 14 7 1 15 6 
10 4 11 8 2 12 5 13 9 3 14 6 1 15 7 
10 4 11 8 2 12 5 13 7 3 14 6 1 15 9 
10 4 11 7 2 13 5 14 9 3 12 6 1 15 8 
10 4 11 7 2 13 5 14 8 3 12 6 1 15 9 
10 4 11 7 2 12 5 14 9 3 13 6 1 15 8 
10 4 11 7 2 12 5 14 8 3 13 6 1 15 9 
10 4 11 7 2 12 5 13 9 3 14 6 1 15 8 
10 4 11 7 2 12 5 13 8 3 14 6 1 15 9 
9 3 13 8 4 12 7 2 14 6 11 5 10 15 1 
9 3 13 8 4 12 7 1 14 6 11 5 10 15 2 
9 3 13 8 4 11 7 2 14 6 12 5 10 15 1 
9 3 13 8 4 11 7 1 14 6 12 5 10 15 2 
9 3 13 8 4 11 5 12 7 2 14 6 1 15 10 
9 3 13 8 2 12 7 1 14 6 11 5 10 15 4 
9 3 13 8 2 12 7 1 14 6 11 4 10 15 5 
9 3 13 8 2 12 7 1 14 5 11 4 10 15 6 
9 3 13 8 2 12 6 1 14 5 11 4 10 15 7 
9 3 13 8 2 11 7 1 14 6 12 5 10 15 4 
9 3 13 8 2 11 7 1 14 6 12 4 10 15 5 
9 3 13 8 2 11 7 1 14 5 12 4 10 15 6 
9 3 13 8 2 11 6 1 14 5 12 4 10 15 7 
9 3 13 7 2 12 6 1 14 5 11 4 10 15 8 
9 3 13 7 2 11 6 1 14 5 12 4 10 15 8 
9 3 12 8 2 11 5 14 7 4 13 6 1 15 10 
9 3 12 8 2 11 5 13 7 4 14 6 1 15 10 
9 3 12 7 2 11 5 14 8 4 13 6 1 15 10 
9 3 12 7 2 11 5 13 8 4 14 6 1 15 10 
11 4 13 9 6 12 7 1 10 3 14 8 2 15 5 
11 4 13 9 5 12 7 1 10 3 14 8 2 15 6 
11 4 13 9 5 12 6 1 10 3 14 8 2 15 7 
11 4 13 9 5 12 6 1 10 3 14 7 2 15 8 
9 3 11 8 2 13 5 14 7 4 12 6 1 15 10 
9 3 11 8 2 12 5 14 7 4 13 6 1 15 10 
9 3 11 8 2 12 5 13 7 4 14 6 1 15 10 
9 3 11 7 2 13 5 14 8 4 12 6 1 15 10 
9 3 11 7 2 12 5 14 8 4 13 6 1 15 10 
9 3 11 7 2 12 5 13 8 4 14 6 1 15 10 
10 3 13 9 5 11 6 12 8 4 14 7 2 15 1 
10 3 13 9 5 11 6 12 8 4 14 7 1 15 2 
10 3 13 9 5 11 6 12 8 2 14 7 1 15 4 
10 3 13 9 4 11 6 12 8 2 14 7 1 15 5 
10 3 13 9 4 11 5 12 8 2 14 7 1 15 6 
10 3 13 9 4 11 5 12 8 2 14 6 1 15 7 
10 3 13 9 4 11 5 12 7 2 14 6 1 15 8 
10 3 13 8 4 11 5 12 7 2 14 6 1 15 9 
10 3 12 9 6 11 7 4 14 5 13 8 2 15 1 
10 3 12 9 6 11 7 4 14 5 13 8 1 15 2 
10 3 12 9 5 11 8 4 14 6 13 7 2 15 1 
10 3 12 9 5 11 8 4 14 6 13 7 1 15 2 
10 3 12 9 5 11 8 2 14 7 13 6 1 15 4 
10 3 12 9 5 11 7 4 14 6 13 8 2 15 1 
10 3 12 9 5 11 7 4 14 6 13 8 1 15 2 
10 3 12 9 4 11 8 2 14 7 13 6 1 15 5 
10 3 12 9 4 11 8 2 14 7 13 5 1 15 6 
10 3 12 9 4 11 8 2 14 6 13 5 1 15 7 
10 3 12 9 4 11 7 2 14 6 13 5 1 15 8 
10 3 12 9 4 11 6 14 8 5 13 7 2 15 1 
10 3 12 9 4 11 6 14 8 5 13 7 1 15 2 
10 3 12 9 4 11 6 13 8 5 14 7 2 15 1 
10 3 12 9 4 11 6 13 8 5 14 7 1 15 2 
10 3 12 9 2 11 6 14 8 5 13 7 1 15 4 
10 3 12 9 2 11 6 14 8 4 13 7 1 15 5 
10 3 12 9 2 11 6 13 8 5 14 7 1 15 4 
10 3 12 9 2 11 6 13 8 4 14 7 1 15 5 
10 3 12 9 2 11 5 14 8 4 13 7 1 15 6 
10 3 12 9 2 11 5 14 8 4 13 6 1 15 7 
10 3 12 9 2 11 5 14 7 4 13 6 1 15 8 
10 3 12 9 2 11 5 13 8 4 14 7 1 15 6 
10 3 12 9 2 11 5 13 8 4 14 6 1 15 7 
10 3 12 9 2 11 5 13 7 4 14 6 1 15 8 
10 3 12 8 4 11 7 2 14 6 13 5 1 15 9 
10 3 12 8 4 11 6 14 9 5 13 7 2 15 1 
10 3 12 8 4 11 6 14 9 5 13 7 1 15 2 
10 3 12 8 2 11 6 14 9 5 13 7 1 15 4 
10 3 12 8 2 11 6 14 9 4 13 7 1 15 5 
10 3 12 8 2 11 6 13 9 5 14 7 1 15 4 
10 3 12 8 2 11 6 13 9 4 14 7 1 15 5 
10 3 12 8 2 11 5 14 9 4 13 7 1 15 6 
10 3 12 8 2 11 5 14 9 4 13 6 1 15 7 
10 3 12 8 2 11 5 14 7 4 13 6 1 15 9 
10 3 12 8 2 11 5 13 9 4 14 7 1 15 6 
10 3 12 8 2 11 5 13 9 4 14 6 1 15 7 
10 3 12 8 2 11 5 13 7 4 14 6 1 15 9 
10 3 12 7 2 11 5 14 9 4 13 6 1 15 8 
10 3 12 7 2 11 5 14 8 4 13 6 1 15 9 
10 3 12 7 2 11 5 13 9 4 14 6 1 15 8 
10 3 12 7 2 11 5 13 8 4 14 6 1 15 9 
10 3 11 9 4 13 6 14 8 5 12 7 2 15 1 
10 3 11 9 4 13 6 14 8 5 12 7 1 15 2 
10 3 11 9 4 12 6 14 8 5 13 7 2 15 1 
10 3 11 9 4 12 6 14 8 5 13 7 1 15 2 
10 3 11 9 4 12 6 13 8 5 14 7 2 15 1 
10 3 11 9 4 12 6 13 8 5 14 7 1 15 2 
10 3 11 9 2 13 6 14 8 5 12 7 1 15 4 
10 3 11 9 2 13 6 14 8 4 12 7 1 15 5 
10 3 11 9 2 13 5 14 8 4 12 7 1 15 6 
10 3 11 9 2 13 5 14 8 4 12 6 1 15 7 
10 3 11 9 2 13 5 14 7 4 12 6 1 15 8 
10 3 11 9 2 12 6 14 8 5 13 7 1 15 4 
10 3 11 9 2 12 6 14 8 4 13 7 1 15 5 
10 3 11 9 2 12 6 13 8 5 14 7 1 15 4 
10 3 11 9 2 12 6 13 8 4 14 7 1 15 5 
10 3 11 9 2 12 5 14 8 4 13 7 1 15 6 
10 3 11 9 2 12 5 14 8 4 13 6 1 15 7 
10 3 11 9 2 12 5 14 7 4 13 6 1 15 8 
10 3 11 9 2 12 5 13 8 4 14 7 1 15 6 
10 3 11 9 2 12 5 13 8 4 14 6 1 15 7 
10 3 11 9 2 12 5 13 7 4 14 6 1 15 8 
10 3 11 8 4 13 6 14 9 5 12 7 2 15 1 
10 3 11 8 4 13 6 14 9 5 12 7 1 15 2 
10 3 11 8 4 12 6 14 9 5 13 7 2 15 1 
10 3 11 8 4 12 6 14 9 5 13 7 1 15 2 
10 3 11 8 2 13 6 14 9 5 12 7 1 15 4 
10 3 11 8 2 13 6 14 9 4 12 7 1 15 5 
10 3 11 8 2 13 5 14 9 4 12 7 1 15 6 
10 3 11 8 2 13 5 14 9 4 12 6 1 15 7 
10 3 11 8 2 13 5 14 7 4 12 6 1 15 9 
10 3 11 8 2 12 6 14 9 5 13 7 1 15 4 
10 3 11 8 2 12 6 14 9 4 13 7 1 15 5 
10 3 11 8 2 12 6 13 9 5 14 7 1 15 4 
10 3 11 8 2 12 6 13 9 4 14 7 1 15 5 
10 3 11 8 2 12 5 14 9 4 13 7 1 15 6 
10 3 11 8 2 12 5 14 9 4 13 6 1 15 7 
10 3 11 8 2 12 5 14 7 4 13 6 1 15 9 
10 3 11 8 2 12 5 13 9 4 14 7 1 15 6 
10 3 11 8 2 12 5 13 9 4 14 6 1 15 7 
10 3 11 8 2 12 5 13 7 4 14 6 1 15 9 
10 3 11 7 2 13 5 14 9 4 12 6 1 15 8 
10 3 11 7 2 13 5 14 8 4 12 6 1 15 9 
10 3 11 7 2 12 5 14 9 4 13 6 1 15 8 
10 3 11 7 2 12 5 14 8 4 13 6 1 15 9 
10 3 11 7 2 12 5 13 9 4 14 6 1 15 8 
10 3 11 7 2 12 5 13 8 4 14 6 1 15 9 
9 2 13 8 4 12 7 1 14 6 11 5 10 15 3 
9 2 13 8 4 11 7 1 14 6 12 5 10 15 3 
9 2 13 8 4 11 5 12 7 3 14 6 1 15 10 
9 2 13 8 3 12 7 1 14 6 11 5 10 15 4 
9 2 13 8 3 12 7 1 14 6 11 4 10 15 5 
9 2 13 8 3 12 7 1 14 5 11 4 10 15 6 
9 2 13 8 3 12 6 1 14 5 11 4 10 15 7 
9 2 13 8 3 11 7 1 14 6 12 5 10 15 4 
9 2 13 8 3 11 7 1 14 6 12 4 10 15 5 
9 2 13 8 3 11 7 1 14 5 12 4 10 15 6 
9 2 13 8 3 11 6 1 14 5 12 4 10 15 7 
9 2 13 7 3 12 6 1 14 5 11 4 10 15 8 
9 2 13 7 3 11 6 1 14 5 12 4 10 15 8 
9 2 12 8 4 11 7 3 14 5 13 6 1 15 10 
9 2 12 8 4 11 6 3 14 5 13 7 1 15 10 
9 2 12 8 3 11 5 14 7 4 13 6 1 15 10 
9 2 12 8 3 11 5 13 7 4 14 6 1 15 10 
9 2 12 7 3 11 5 14 8 4 13 6 1 15 10 
9 2 11 8 3 13 5 14 7 4 12 6 1 15 10 
9 2 11 8 3 12 5 14 7 4 13 6 1 15 10 
9 2 11 8 3 12 5 13 7 4 14 6 1 15 10 
9 2 11 7 3 13 5 14 8 4 12 6 1 15 10 
9 2 11 7 3 12 5 14 8 4 13 6 1 15 10 
9 2 10 3 11 4 12 5 13 6 14 7 15 8 1 
10 2 13 9 5 11 6 12 8 4 14 7 3 15 1 
10 2 13 9 5 11 6 12 8 4 14 7 1 15 3 
10 2 13 9 5 11 6 12 8 3 14 7 1 15 4 
10 2 13 9 4 11 6 12 8 3 14 7 1 15 5 
10 2 13 9 4 11 5 12 8 3 14 7 1 15 6 
10 2 13 9 4 11 5 12 8 3 14 6 1 15 7 
10 2 13 9 4 11 5 12 7 3 14 6 1 15 8 
10 2 13 8 4 11 5 12 7 3 14 6 1 15 9 
10 2 12 9 6 11 7 4 14 5 13 8 3 15 1 
10 2 12 9 6 11 7 4 14 5 13 8 1 15 3 
10 2 12 9 6 11 7 3 14 5 13 8 4 15 1 
10 2 12 9 6 11 7 3 14 5 13 8 1 15 4 
10 2 12 9 6 11 7 3 14 4 13 8 1 15 5 
10 2 12 9 5 11 8 4 14 6 13 7 3 15 1 
10 2 12 9 5 11 8 4 14 6 13 7 1 15 3 
10 2 12 9 5 11 8 3 14 6 13 7 4 15 1 
10 2 12 9 5 11 8 3 14 6 13 7 1 15 4 
10 2 12 9 5 11 7 4 14 6 13 8 3 15 1 
10 2 12 9 5 11 7 4 14 6 13 8 1 15 3 
10 2 12 9 5 11 7 3 14 6 13 8 4 15 1 
10 2 12 9 5 11 7 3 14 6 13 8 1 15 4 
10 2 12 9 5 11 7 3 14 4 13 8 1 15 6 
10 2 12 9 5 11 6 3 14 4 13 8 1 15 7 
10 2 12 9 5 11 6 3 14 4 13 7 1 15 8 
10 2 12 9 4 11 8 3 14 6 13 7 1 15 5 
10 2 12 9 4 11 8 3 14 5 13 7 1 15 6 
10 2 12 9 4 11 8 3 14 5 13 6 1 15 7 
10 2 12 9 4 11 7 3 14 6 13 8 1 15 5 
10 2 12 9 4 11 7 3 14 5 13 8 1 15 6 
10 2 12 9 4 11 7 3 14 5 13 6 1 15 8 
10 2 12 9 4 11 6 14 8 5 13 7 3 15 1 
10 2 12 9 4 11 6 14 8 5 13 7 1 15 3 
10 2 12 9 4 11 6 13 8 5 14 7 3 15 1 
10 2 12 9 4 11 6 13 8 5 14 7 1 15 3 
10 2 12 9 4 11 6 3 14 5 13 8 1 15 7 
10 2 12 9 4 11 6 3 14 5 13 7 1 15 8 
10 2 12 9 3 11 6 14 8 5 13 7 1 15 4 
10 2 12 9 3 11 6 14 8 4 13 7 1 15 5 
10 2 12 9 3 11 6 13 8 5 14 7 1 15 4 
10 2 12 9 3 11 6 13 8 4 14 7 1 15 5 
10 2 12 9 3 11 5 14 8 4 13 7 1 15 6 
10 2 12 9 3 11 5 14 8 4 13 6 1 15 7 
10 2 12 9 3 11 5 14 7 4 13 6 1 15 8 
10 2 12 9 3 11 5 13 8 4 14 7 1 15 6 
10 2 12 9 3 11 5 13 8 4 14 6 1 15 7 
10 2 12 9 3 11 5 13 7 4 14 6 1 15 8 
10 2 12 8 4 11 7 3 14 5 13 6 1 15 9 
10 2 12 8 4 11 6 14 9 5 13 7 3 15 1 
10 2 12 8 4 11 6 14 9 5 13 7 1 15 3 
10 2 12 8 4 11 6 3 14 5 13 7 1 15 9 
10 2 12 8 3 11 6 14 9 5 13 7 1 15 4 
10 2 12 8 3 11 6 14 9 4 13 7 1 15 5 
10 2 12 8 3 11 5 14 9 4 13 7 1 15 6 
10 2 12 8 3 11 5 14 9 4 13 6 1 15 7 
10 2 12 8 3 11 5 14 7 4 13 6 1 15 9 
10 2 12 8 3 11 5 13 7 4 14 6 1 15 9 
10 2 12 7 3 11 5 14 9 4 13 6 1 15 8 
10 2 12 7 3 11 5 14 8 4 13 6 1 15 9 
10 2 11 9 4 13 6 14 8 5 12 7 3 15 1 
10 2 11 9 4 13 6 14 8 5 12 7 1 15 3 
10 2 11 9 4 12 6 14 8 5 13 7 3 15 1 
10 2 11 9 4 12 6 14 8 5 13 7 1 15 3 
10 2 11 9 4 12 6 13 8 5 14 7 3 15 1 
10 2 11 9 4 12 6 13 8 5 14 7 1 15 3 
10 2 11 9 3 13 6 14 8 5 12 7 1 15 4 
10 2 11 9 3 13 6 14 8 4 12 7 1 15 5 
10 2 11 9 3 13 5 14 8 4 12 7 1 15 6 
10 2 11 9 3 13 5 14 8 4 12 6 1 15 7 
10 2 11 9 3 13 5 14 7 4 12 6 1 15 8 
10 2 11 9 3 12 6 14 8 5 13 7 1 15 4 
10 2 11 9 3 12 6 14 8 4 13 7 1 15 5 
10 2 11 9 3 12 6 13 8 5 14 7 1 15 4 
10 2 11 9 3 12 6 13 8 4 14 7 1 15 5 
10 2 11 9 3 12 5 14 8 4 13 7 1 15 6 
10 2 11 9 3 12 5 14 8 4 13 6 1 15 7 
10 2 11 9 3 12 5 14 7 4 13 6 1 15 8 
10 2 11 9 3 12 5 13 8 4 14 7 1 15 6 
10 2 11 9 3 12 5 13 8 4 14 6 1 15 7 
10 2 11 9 3 12 5 13 7 4 14 6 1 15 8 
10 2 11 8 4 13 6 14 9 5 12 7 3 15 1 
10 2 11 8 4 13 6 14 9 5 12 7 1 15 3 
10 2 11 8 4 12 6 14 9 5 13 7 3 15 1 
10 2 11 8 4 12 6 14 9 5 13 7 1 15 3 
10 2 11 8 3 13 6 14 9 5 12 7 1 15 4 
10 2 11 8 3 13 6 14 9 4 12 7 1 15 5 
10 2 11 8 3 13 5 14 9 4 12 7 1 15 6 
10 2 11 8 3 13 5 14 9 4 12 6 1 15 7 
10 2 11 8 3 13 5 14 7 4 12 6 1 15 9 
10 2 11 8 3 12 6 14 9 5 13 7 1 15 4 
10 2 11 8 3 12 6 14 9 4 13 7 1 15 5 
10 2 11 8 3 12 5 14 9 4 13 7 1 15 6 
10 2 11 8 3 12 5 14 9 4 13 6 1 15 7 
10 2 11 8 3 12 5 14 7 4 13 6 1 15 9 
10 2 11 8 3 12 5 13 7 4 14 6 1 15 9 
10 2 11 7 3 13 5 14 9 4 12 6 1 15 8 
10 2 11 7 3 13 5 14 8 4 12 6 1 15 9 
10 2 11 7 3 12 5 14 9 4 13 6 1 15 8 
10 2 11 7 3 12 5 14 8 4 13 6 1 15 9 
9 1 13 8 4 11 5 12 7 3 14 6 2 15 10 
9 1 12 8 4 11 7 3 14 5 13 6 2 15 10 
9 1 12 8 4 11 7 2 14 5 13 6 3 15 10 
9 1 12 8 4 11 6 3 14 5 13 7 2 15 10 
9 1 12 8 4 11 6 2 14 5 13 7 3 15 10 
9 1 12 8 3 11 5 14 7 4 13 6 2 15 10 
9 1 12 8 3 11 5 13 7 4 14 6 2 15 10 
9 1 12 7 3 11 5 14 8 4 13 6 2 15 10 
11 2 13 9 6 12 7 3 10 5 14 8 4 15 1 
11 2 13 9 5 12 8 3 10 6 14 7 4 15 1 
11 2 13 9 5 12 7 3 10 6 14 8 4 15 1 
9 1 11 8 3 13 5 14 7 4 12 6 2 15 10 
9 1 11 8 3 12 5 14 7 4 13 6 2 15 10 
9 1 11 8 3 12 5 13 7 4 14 6 2 15 10 
9 1 11 7 3 13 5 14 8 4 12 6 2 15 10 
9 1 11 7 3 12 5 14 8 4 13 6 2 15 10 
9 1 10 3 11 4 12 5 13 6 14 7 15 8 2 
9 1 10 2 11 4 12 5 13 6 14 7 15 8 3 
9 1 10 2 11 3 12 5 13 6 14 7 15 8 4 
9 1 10 2 11 3 12 4 13 6 14 7 15 8 5 
9 1 10 2 11 3 12 4 13 5 14 7 15 8 6 
9 1 10 2 11 3 12 4 13 5 14 6 15 8 7 

